4474
3950
5963
2107
2970
4248
8542
4765
2620
9804
4058
6890
7757
4117
6336
8073
4577
2666
6334
1290
1041
8814
4933
2746
1595
8140
1615
5087
3956
4032
9185
6180
3011
3508
3010
5044
6550
9020
3435
3970
1599
2129
5190
3072
2139
4467
5907
3505
8870
7439
1150
1302
6967
3372
2832
4313
9063
5661
9169
7070
9200
6255
9104
4565
6991
6820
3315
9310
2051
6876
5913
7498
5034
2907
7903
2634
2308
6134
7050
4930
4869
3464
8090
6132
4936
5470
2717
3368
8483
3578
5837
9136
9541
3676
8193
6552
1267
5855
7429
8096
3863
3980
1532
2258
2555
7169
3367
5816
5811
9862
8220
7218
8885
1038
9374
6742
4490
8988
3534
9181
2457
5505
6269
6608
4913
3079
1152
9201
7955
5788
1709
2378
9611
2948
2728
3940
8460
4776
5014
1773
6717
8928
2954
1702
4743
2109
3929
7220
9105
4456
1703
7192
3647
1286
6000
2552
9463
2720
6725
6026
4033
3263
5945
8094
5271
4789
8777
2272
5029
9282
2014
4498
7419
4657
7699
8776
7047
3329
1062
3490
4442
4163
5110
3433
9750
3159
5065
6532
9346
7311
2956
1612
3067
3649
7706
5933
5075
5683
8219
8868