1445116392720000 [5,33,63,103,95,15,66,206,1330,70,99,189,618,1045,65,297,882,1140]
5490542427955200 [7,6,12,15,133,98,60,48,150,399,77,42,165,931,56,54,180,798]
152757017247744000 [13,26,61,64,135,104,52,366,704,1890,156,732,320,1080,143,234,675]
1768008976272 [1,29,26,102,11,377,52,204,77,145,78,714,154,58,130,918,33]
5321224202112 [7,6,56,9,87,91,36,728,90,1044,70,18,392,72,957,14,24,112,108,1218]
21570405120000 [19,17,27,124,5,114,34,378,868,10,209,170,297,744,65,136,54,35]
807822888687360000 [5,12,76,10,73,65,36,228,140,949,15,120,380,50,84,1064,292]
1033551771210000 [3,5,63,103,91,18,30,567,1339,9,45,126,515,455,252,364]
17414802552913920 [14,7,64,99,79,42,84,832,1089,316,196,28,128,792,790,112,91,693,553]
138568320000000 [6,50,33,10,19,36,300,165,140,133,12,500,264,100,266,18,600,60,76]
700263224740800000 [15,6,35,10,87,195,12,455,120,174,135,72,140,110,1044,105,18,245,130,435]
966952546560000 [4,27,44,21,22,54,220,210,286,176,294,20,189,352,273,154]
23090116608000 [2,40,43,83,151,14,280,473,581,302,8,440,387,996,20,480,344,1079,1812]
110129144832000 [2,10,48,79,156,14,110,672,474,1560,28,120,384,632,2028,70,240,316,1248]
19562909135616000 [1,32,30,54,126,14,128,300,378,1008,11,64,648,882,12,160,420,270,1260]
139090220236800 [7,19,50,108,79,56,200,1296,869,28,57,700,756,632,21,38,500,864,948]
7522688168693334016 [11,43,32,95,144,66,301,320,285,1872,143,602,256,288,473,380,1728]
6771197671328890880 [8,47,4,121,123,16,376,492,80,423,24,1573,1476,96,658,20,847,1353]
2336816148480000 [3,31,60,51,144,33,186,600,432,36,310,720,1440,279,660,255]
52565406758092800 [2,41,78,31,84,22,468,62,588,328,1014,186,1176,164,124,420]
500287529710080 [7,51,76,1,61,42,255,14,549,91,714,532,9,488,28,102,836,11,244]
9466668288 [11,19,4,50,14,44,190,24,700,84,33,38,8,500,56,247,200,196]
1084180930560000 [19,26,83,2,100,266,182,1400,228,338,830,8,900,76,156,498,18]
1008812935468800 [1,29,53,105,138,5,58,159,1050,1242,13,232,742,420,1794,12,116,689,1155,1656]
5552018068101120 [19,38,23,12,31,152,342,322,108,62,228,418,161,60,248,95,184,48,217]
255744967016448000 [15,34,52,98,31,102,624,392,62,135,272,416,980,165,476,186]
76608992968704000 [5,23,49,96,105,35,276,864,420,65,184,637,384,840,30,230,245,1152,630]
20917810298880000 [12,40,55,73,96,440,220,876,156,365,192,520,165,292,672]
13363245385910784 [7,34,47,54,20,35,442,235,432,160,49,68,658,648,60,282]
292442330573280 [5,41,31,47,57,60,410,93,188,627,10,205,282,171,25,451,155,564,228]
102874088693376000 [6,28,26,50,133,84,308,208,350,54,392,1463,12,1862]
24558848881459200 [16,7,66,34,110,64,35,396,136,550,112,49,330,440,63,264,374,660]
7769559328898154496 [9,22,83,19,29,99,220,996,58,36,88,664,228,348,126,242,114,116]
4871395338403426560 [12,47,39,118,148,24,423,156,1534,1480,84,282,944,1036,132,517,351,1062,592]
1138698195022080 [11,24,12,27,33,96,378,165,110,336,72,135,108,66]
11734217280000000 [3,46,27,10,135,39,552,270,50,24,230,324,120,675,18,598,378,1485]
169997667840000 [13,30,63,7,55,143,120,378,14,550,240,567,35,770,26,270,504,42,330]
6737138343936000 [16,2,23,96,49,176,4,115,384,588,18,1056,637,1152,245]
106686720000000 [15,30,14,75,102,180,56,450,918,135,120,98,225,210,154,1122]
45689112138700800 [11,19,89,123,151,152,178,738,1963,110,190,534,984,755,44,209,712,615,906]
3570579061056000 [6,3,83,23,69,18,415,276,60,42,830,54,30,249,759]
2091813924781551616 [10,23,30,95,149,140,299,60,1140,1490,161,665,1043,130,230,420,950,745]
467288113842063360 [14,38,46,86,11,154,114,414,430,77,126,342,506,1118,22,168,266,258]
839493816505344000 [6,15,52,37,92,72,45,676,407,1104,18,120,156,444,1288,165,312,296,1012]
2223081380741760 [1,22,71,49,15,12,110,497,98,10,286,994,294,180,176,781,245,150]
2517623354316457296 [9,41,39,87,69,45,205,312,696,138,27,533,390,957,414,108,574,234,609,897]
31216671129600 [4,6,47,10,54,32,564,100,432,20,48,282,110,324,24,66,658,90,702]
888556699800000 [4,22,33,70,145,40,286,264,980,2030,44,132,66,280,435,32,220,420]
50108282562170880 [12,41,67,70,157,108,574,938,560,1256,96,123,134,140,1884,24,205,737,910,1413]
8978412957696000 [12,19,85,26,109,24,247,1190,52,436,168,152,130,1308,60,1020,208,327]
41001678589132800 [19,43,15,96,64,228,430,135,448,266,129,90,672,1056]
268208265547872000 [8,53,89,23,130,48,212,356,69,1690,96,530,445,520,318,178,207,390]
1216682141819760000 [15,38,69,95,10,30,114,414,1140,165,345,1330,40,105,304,621,570,100]
4316079469363200000 [16,17,60,110,21,204,720,880,294,112,34,660,126,64,119,540,210]
158052521241216000 [6,23,59,124,154,72,138,1116,1540,322,531,620,1386,30,46,1232]
28478100897792000 [13,15,28,52,92,91,195,364,208,460,78,150,84,520,276,26,45,368]
9081173606400000 [7,35,76,12,44,56,350,532,132,49,105,760,96,352,684,88]
619343594709840000 [5,48,63,66,143,50,378,198,858,15,240,594,1287,30,189,286]
312876181094400 [3,27,43,24,14,39,54,430,96,126,18,270,215,84,30,297,344,168]
28061074764800 [1,11,89,7,154,8,44,1068,49,308,14,77,534,35,1540,55,1246,98,1386]
3224339395200 [4,33,63,1,157,36,165,693,14,628,40,462,315,10,785,56,429,126,314]
2661283902779873280 [15,7,61,119,10,105,35,427,1547,20,180,77,610,1666,120,90,91,1309,130]
1061921390647345152 [15,25,74,49,82,135,350,592,392,328,75,50,296,984,195,225,888,490]
403860307968000 [10,20,2,51,32,130,180,459,160,70,8,153,96,16,714,256]
6261020414438400 [3,4,47,19,78,32,235,76,702,42,48,94,57,234,18,12,188,114,468]
96626675406159360 [19,54,28,99,146,57,216,308,1089,1168,209,756,990,584,76,84,792]
20796148172800000 [4,44,45,98,91,40,264,225,980,364,24,440,135,56,270,1274,273]
389665805967360 [3,44,17,50,108,36,88,119,300,176,153,600,432,39,572,85]
328790376972288 [19,25,31,48,21,152,100,186,528,42,190,225,341,624,210,76,75,155,288,63]
833948070100992 [1,21,42,103,24,10,105,294,1339,240,11,273,1442,48,252,504]
3953602566144 [3,16,54,34,22,18,80,378,68,198,36,128,154,42,756,306,66]
6679495601297326080 [17,23,49,57,129,85,92,588,570,516,170,138,285,387,322,637,399,1290]
70817222246400 [5,14,3,7,127,35,98,56,508,30,42,9,1524,70,39,21,1016]
2503009448755200 [14,48,11,111,27,70,480,666,216,140,154,777,135,192,143]
654541289192609280 [17,19,35,66,49,85,133,315,594,343,153,171,385,198,490,187,266,528]
18890059064279040 [18,10,86,88,72,36,30,774,704,1008,216,528,80,946,1056,792]
85710808965196800 [18,17,86,22,37,54,102,430,110,74,36,136,1118,242,144,204,946,44]
12874885786828800 [15,46,71,24,41,165,92,710,205,45,276,142,144,369,75,644,48,574]
467872533725184000 [10,46,67,29,28,130,230,603,116,364,100,460,536,348,224,90,670,145,196]
244552670208000 [1,36,70,22,59,12,144,210,44,354,8,360,280,118,2,432,560,66,472]
22852730880000 [4,25,18,48,82,56,175,252,336,246,32,300,108,288,328,16,480]
268426059947136000 [13,53,30,112,65,159,210,672,845,78,742,60,143,636,896,780]
24471006084403200 [19,54,46,2,108,266,162,368,14,540,378,230,8,190,322,22,432]
595833911394850816 [16,51,1,86,103,192,612,12,172,824,510,9,602,515,255,4,774]
5015592960000 [8,4,1,85,127,40,14,425,1651,24,28,7,1190,1270,12,13,680]
5132173957562761216 [17,29,84,26,14,34,406,672,156,182,102,377,1092,42,136,504,312]
29784585600000 [4,5,37,121,134,44,70,296,242,938,20,25,333,1876,30,222,847,1608]
8233452626716800 [15,41,63,92,42,75,451,441,368,210,123,276,252,410,630,462]
6415877950146609152 [18,22,82,79,99,198,154,328,158,792,88,1148,790,90,396]
26224564491417600 [1,45,24,33,133,3,135,72,198,532,11,225,288,264,1463,6,270,120,66,1862]
88153562407680000 [16,12,9,121,102,208,108,63,1210,1224,160,132,45,605,816,32,120,363,1428]
115558642483200 [8,37,59,64,82,72,407,295,128,24,481,354,768,164,112,820]
4102769189943824384 [3,14,65,45,133,24,196,455,1197,9,154,180,1064,42,84,195,495,931]
2311017246720 [16,1,54,2,140,48,14,702,18,1540,13,540,24,1820,128,7,432,560]
57131205120000 [15,25,22,95,92,30,75,66,665,195,200,176,570,300,242,950,368]
19723191240130560 [10,51,80,26,69,20,408,240,182,966,70,663,104,138,60,204,800,156,207]
17155634253004800 [8,50,58,36,133,40,250,406,72,1197,80,400,116,144,1064,16,150,348,266]
8308182220800 [14,2,41,8,76,98,16,205,88,684,26,574,32,988,196,28,533,64,532]
3922329600000000 [12,50,1,114,112,84,500,6,912,1008,24,400,8,228,1344,450,672]
150802080000 [1,22,13,73,71,14,286,156,438,923,5,308,65,876,852,2,110,117,142]